278
506
405
837
886
699
939
194
323
648
714
17
551
136
400
320
448
634
533
795
366
984
433
964
370
423
976
412
434
985
752
921
346
695
355
451
780
822
952
436
640
812
899
692
246
519
861
502
728
763
646
179
141
958
86
513
384
378
588
431
343
902
510
624
600
81
263
529
973
940
70
985
432
435
947
188
834
880
380
884
468
475
774
324
585
282
832
778
411
129
776
785
770
103
409
752
315
541
980
907
301
170
395
67
839
128
677
525
596
93
267
52
337
111
865
243
269
672
713
307
719
713
913
581
670
782
900
142
57
334
790
964
159
293
113
192
112
455
165
98
875
67
844
203
625
514
220
884
942
851
333
905
352
45
682
33
215
736
852
220
541
88
338
481
975
647
621
611
385
261
456
664
49
711
949
510
457
553
786
2
679
449
2
950
386
778
479
958
11
97
870
288
883
952
395
678
443
901
459
201
517
742
809
419
498
347
584
592
13
719
575
114
709
732
858
48
825
275
797
203
787
765
443
869
478
921
973
894
332
147
535
804
608
844
916
254
379
276
433
85
394
337
207
368
916
122
538
234
129
420
543
234
589
432
170
127
28
40
981
398
368
404
700
569
886
414
301
462
23
6
126
777
202
146
911
679
127
893
694
312
678
674
865
8
789
190
741
890
712
112
797
609
459
102
487
229
963
661
801
262
731
108
57
25
307
382
242
436
378
546
825
934
164
241
855
16
942
435
834
907
230
894
708
85
968
428
380
75
59
679
763
836
907
452
671
791
79
402
332
114
962
181
969
881
919
315
294
359
533
891
403
948
698
909
123
99
532
545
247
991
354
632
439
770
938
761
244
25
164
153
545
334
450
482
512
531
875
390
793
129
445
745
356
979
40
913
663
234
154
739
68
13
549
394
338
716
348
198
884
658
668
967
142
900
744
301
163
850
460
214
924
337
83
259
931
563
492
111
973
780
775
660
766
1
310
412
175
815
118
577
570
421
421
777
998
96
317
258
822
729
70
878
339
748
514
371
258
352
178
426
153
982
430
265
986
304
522
703
82
623
276
52
763
513
41
483
797
317
31
589
644
492
885
378
579
254
207
782
230
870
502
878
701
99
572
262
676
68
421
849
415
512
825
276
515
367
38
855
760
792
970
769
787
647
502
951
983
858
606
144
851
137
36
664
951
473
757
23
912
435
347
14
467
517
74
93
446
820
422
892
658
860
177
516
229
319
19
416
419
798
481
262
589
126
504
340
770
241
196
176
585
8
105
353
185
419
170
803
704
845
927
939
367
174
201
320
559
462
593
226
932
619
239
218
919
280
95
412
66
10
437
309
629
687
809
406
741
805
277
42
308
909
516
850
596
866
885
234
372
762
924
944
205
512
178
752
110
586
923
927
196
742
445
650
46
20
400
578
404
832
793
270
535
728
256
925
963
284
730
855
874
422
137
838
538
535
878
102
310
178
65
214
763
786
920
507
648
492
123
248
665
856
888
595
405
770
433
806
738
47
35
665
259
470
890
369
288
876
192
71
467
892
261
695
915
73
553
739
377
161
20
972
616
577
814
445
842
911
370
708
37
320
429
805
836
70
605
860
929
700
484
639
201
242
724
734
496
208
396
696
843
593
273
19
989
182
944
671
825
659
607
232
142
698
67
863
985
754
252
292
587
907
53
209
563
417
912
893
231
27
942
660
756
895
676
584
333
524
273
111
103
603
916
696
659
426
570
610
853
734
205
220
314
909
456
451
750
982
878
251
523
157
131
692
46
879
610
104
963
886
606
687
768
537
133
768
7
708
333
820
893
63
370
352
408
5
432
311
350
892
115
865
528
827
14
405
213
501
80
486
347
969
314
28
576
875
533
586
751
275
577
448
190
168
73
181
435
904
362
146
543
95
785
197
603
489
292
889
447
13
313
495
801
857
258
571
131
380
562
333
397
180
362
825
105
365
404
46
758
546
865
560
428
515
590
331
79
691
24
749
310
44
728
701
898
161
98
230
628
480
567
218
903
491
747
109
893
618
913
608
54
70
170
653
826
380
180
662
136
116
695
653
23
797
99
647
257
854
61
802
944
148
72
151
353
731
272
30
973
979
226
214
469
441
848
741
686
398
265
522
986
408
452
804
198
11
852
806
811
204
455
43
395
578
225
712
413
57
823
962
764
996
253
564
873
214
392
540
721
702
631
267
338
277
164
696
167
620
921
121
210
823
230
365
193
328
726
688
545
233
273
283
783
490
77
327
398
907
733
950
314
214
492
879
171
437
650
908
469
347
437
737
188
522
331
619
701
784
468
91
576
750
300
710
754
368
318
642
902
970
788
823
283
972
986
95
497
612
155
355
581
653
916
908
524
393
468
851
77
968
821
85
326
581
604
575
688
513
891
42
423
199
297
570
681
867
951
473
81
952
331
883
803
676
753
157
967
882
613
79
427
611
638
468
304
538
772
770
815
939
698
146
204
215
390
813
592
47
902
384
141
91
237
190
739
174
98
193
408
191
665
701
707
158
731
689
745
616
153
347
233
26
838
126
826
614
106
866
172
853
578
825
315
817
853
217
880
509
386
499
195
980
45
271
603
99
880
322
189
836
646
613
771
840
515
947
27
600
31
103
289
831
817
983
7
311
832
273
248
879
549
616
36
695
556
723
789
824
970
10
177
474
872
758
864
602
469
428
757
640
322
486
586
811
462
94
644
113
778
96
261
239
703
451
408
290
235
387
719
375
595
918
296
381
482
560
990
525
504
438
788
83
838
940
780
996
13
875
973
667
638
723
540
338
340
40
905
129
597
508
194
390
560
313
758
218
977
873
823
332
728
332
738
780
831
173
99
766
130
186
561
872
624
46
120
226
704
820
678
929
391
138
229
464
30
56
103
900
832
651
840
323
649
211
373
688
994
573
66
909
704
861
377
765
486
468
359
228
135
810
872
446
45
833
523
753
679
109
248
369
132
699
997
118
631
549
360
291
227
152
839
445
381
298
243
894
9
203
251
557
21
255
573
932
562
957
39
430
560
15
716
923
345
670
74
481
558
945
247
464
5
970
364
938
220
93
362
62
231
958
977
272
646
934
568
742
762
785
390
409
446
327
343
174
122
958
170
880
154
48
255
476
525
310
318
401
697
969
410
954
228
784
381
129
478
523
677
529
434
403
836
544
403
484
37
975
835
432
514
480
159
153
931
819
334
282
49
445
736
42
312
757
852
447
858
588
409
515
433
65
422
861
925
310
741
223
251
498
25
887
702
628
625
725
327
896
205
760
944
802
893
797
567
684
809
117
590
61
731
113
319
409
161
429
452
663
830
974
508
107
160
689
322
904
252
242
984
305
789
982
569
612
516
213
731
363
394
775
587
505
768
818
251
654
79
101
174
167
820
372
940
621
843
489
65
776
548
507
840
783
811
198
222
727
761
903
985
718
385
697
862
10
949
689
377
771
925
554
23
570
649
278
992
669
871
539
689
224
86
141
901
425
43
853
155
671
472
230
555
720
362
647
875
390
420
410
6
278
663
9
835
429
363
519
131
950
607
266
940
508
172
147
531
833
816
527
678
785
86
182
823
38
306
45
621
464
866
866
429
704
296
476
821
586
893
300
801
13
208
203
799
905
27
538
388
891
782
416
506
503
933
76
505
387
436
63
609
636
219
572
890
240
669
680
723
759
562
928
423
54
293
883
277
105
23
501
166
501
42
564
706
935
274
643
587
948
397
825
107
470
460
85
674
824
377
656
887
919
528
151
55
693
579
972
588
10
317
920
612
961
816
279
483
332
729
600
163
133
329
239
223
315
15
448
983
5
769
730
30
134
938
166
167
197
181
787
870
943
415
496
835
155
707
77
961
930
143
134
364
954
395
988
849
517
714
970
423
66
464
57
739
504
972
696
475
442
432
692
528
76
971
48
62
273
47
385
511
558
790
41
323
854
87
158
436
690
519
389
846
564
387
656
84
609
10
930
365
434
407
635
238
645
859
589
681
605
721
609
618
258
19
854
866
197
875
15
397
325
467
376
687
911
542
309
539
646
919
879
971
799
503
996
211
951
245
522
328
899
293
7
751
628
995
656
719
645
664
316
336
346
907
876
317
295
836
938
261
538
233
651
8
86
259
147
77
444
931
259
960
72
150
49
7
462
56
908
790
816
220
881
385
365
769
520
887
943
57
213
566
216
387
91
913
202
864
267
366
842
475
669
323
8
249
57
129
934
999
717
961
27
211
99
299
578
739
389
230
556
602
520
978
398
201
146
856
952
682
58
971
324
919
883
360
607
689
684
40
263
509
231
30
609
616
828
436
718
436
905
624
897
538
88
612
120
719
973
947
604
756
634
911
574
365
994
408
848
723
550
583
974
268
663
144
711
360
697
302
940
215
207
440
907
478
145
537
304
49
399
14
665
506
393
664
148
567
461
585
880
354
187
611
701
874
136
220
921
950
797
638
63
338
868
866
806
250
151
877
723
451
661
979
636
49
873
800
571
891
592
374
883
427
151
912
65
17
575
140
890
343
366
607
509
920
643
363
293
265
958
484
6
481
441
64
25
189
591
596
277
196
608
387
660
137
198
321
375
287
7
414
967
927
679
687
825
436
849
942
165
280
689
593
204
791
354
928
987
905
815
896
232
526
16
989
896
793
515
252
874
775
556
558
476
561
763
608
968
68
537
479
138
666
310
273
113
761
849
935
471
106
661
999
279
212
517
382
546
407
188
587
118
948
315
806
60
849
680
239
876
539
295
795
847
724
856
392
41
716
444
826
505
171
781
991
334
316
274
564
303
830
196
699
415
148
327
740
380
412
432
336
339
261
496
340
593
689
946
618
680
506
855
100
764
817
483
610
257
761
419
907
971
498
758
183
170
234
437
939
112
501
632
118
263
861
407
264
204
246
777
459
186
920
909
401
453
399
867
509
748
583
869
30
786
760
215
661
105
857
376
551
707
97
908
478
886
961
568
363
163
142
282
222
956
90
18
22
112
890
24
291
852
874
19
361
647
292
491
351
154
943
661
245
162
460
249
549
387
204
328
55
451
790
471
72
849
37
315
758
976
181
440
698
259
766
514
560
775
225
207
10
535
735
191
664
24
217
497
716
35
74
475
546
184
377
357
893
36
435
163
533
26
285
637
572
335
775
485
591
797
163
317
346
542
405
362
380
579
149
600
890
200
207
308
247
541
964
128
473
76
465
278
671
233
989
661
566
995
1
809
235
206
223
402
147
346
229
475
998
324
155
84
561
791
951
935
795
567
202
996
568
898
180
873
641
91
410
986
740
787
856
0
247
838
961
833
424
160
731
189
640
58
328
792
287
261
182
64
441
130
872
205
749
659
62
704
150
97
928
857
786
939
904
369
496
536
196
944
86
178
874
556
1
119
503
448
926
85
440
76
869
401
98
638
189
172
940
253
250
882
978
518
203
368
621
693
504
673
613
962
921
62
448
877
178
240
621
783
339
59
193
479
739
921
83
829
116
655
555
414
257
408
156
461
508
132
155
35
269
317
551
762
701
422
680
188
913
985
861
594
25
771
13
756
415
221
119
269
261
242
717
303
32
504
827
626
169
965
134
604
538
904
927
686
710
920
342
387
424
533
828
14
517
945
233
487
70
811
579
769
926
464
944
867
202
142
523
561
798
246
162
174
604
741
456
352
575
943
14
16
350
369
789
893
476
498
103
324
859
900
67
422
849
365
863
446
675
501
719
885
719
347
379
436
670
296
839
822
101
80
501
7
652
368
685
516
719
928
604
832
643
295
850
17
531
357
445
309
576
546
995
716
623
424
877
11
620
687
304
826
124
765
925
915
968
367
543
239
133
73
292
127
609
926
325
644
712
829
776
787
580
160
925
96
67
282
885
54
770
172
574
401
831
707
979
720
813
794
240
770
801
432
36
844
201
958
479
876
59
551
178
909
619
428
230
983
407
979
581
162
669
91
325
463
572
151
499
979
815
709
444
361
550
617
478
147
359
114
909
965
722
897
345
462
282
194
197
643
814
513
962
114
528
754
826
152
845
732
433
375
571
443
902
824
249
968
591
65
191
296
242
75
511
854
120
554
691
173
883
905
846
351
169
434
407
875
473
992
303
526
953
33
764
0
730
810
398
402
996
625
126
881
779
537
175
498
467
366
324
570
239
766
977
760
860
679
678
914
693
410
638
577
552
172
726
762
229
29
416
17
847
855
199
972
931
733
301
857
21
397
9
909
538
12
44
331
465
836
538
373
562
724
309
785
576
692
741
243
163
796
397
827
197
640
543
667
655
642
143
344
308
92
156
130
443
687
115
113
122
270
502
814
677
184
626
459
510
470
958
160
807
98
791
523
331
143
344
579
682
187
887
521
539
774
587
180
308
333
745
903
740
256
654
257
738
492
663
929
935
509
636
900
406
292
211
437
755
737
896
31
505
85
794
794
598
15
177
831
241
65
484
906
860
822
471
115
204
722
721
297
637
398
243
652
267
902
165
301
635
497
594
308
160
541
484
430
329
388
155
105
879
431
998
237
37
941
100
680
736
664
844
310
350
508
760
884
746
52
960
663
117
444
603
14
650
93
680
97
528
520
811
788
610
346
452
52
50
152
569
452
689
920
411
948
988
723
662
183
929
59
841
768
567
164
470
297
523
18
516
551
295
240
623
229
645
328
913
755
969
652
98
722
116
71
91
383
221
688
521
802
249
948
236
130
228
776
535
592
960
232
234
428
162
559
83
151
356
987
307
518
924
980
580
463
284
9
568
236
835
750
285
505
57
550
405
707
143
914
50
415
733
635
863
77
213
745
177
687
516
120
748
545
